,time,event
0,53229,8
