,time,event
0,119934,17
