,time,event
0,3390246,13
