,time,event
0,4217445,9
