,time,event
0,4440548,9
