,time,event
0,4678333,20
