,time,event
0,376685,1
