,time,event
0,5705672,3
