,time,event
0,5864348,20
